[data]
Model = 480
Color1 = 0
Color2 = 0
cAngle = 344.624237
cX = -295.613189
cY = 1025.209838
cZ = 19.366365
Respawn = 0
Owner = 0
