[data]
Model = 471
Color1 = 0
Color2 = 0
cAngle = 292.184753
cX = 42.705348
cY = -138.740890
cZ = 0.092495
Respawn = 0
Owner = 0
