[data]
Password = 313525180
Cash = 0
Admin = 0
PositionX = 1719.378662
PositionY = 1472.688720
PositionZ = 10.671875
Angle = 0.000000
Interior = 0
VirtualWorld = 0
