[data]
Password = 313525180
Cash = 800
Skin = 299
Level = 0
Int = 0
VW = 0
Admin = 6
SecKey = 743
Kills = 0
Deaths = 0
Sex = 0
FacingAngle = 292.180877
Health = 100.000000
Armour = 0.000000
LastX = 42.705348
LastY = -138.740890
LastZ = 0.092495
Age = 21
