[data]
Password = 313525180
Cash = 1000
Skin = 123
Level = 0
Int = 0
VW = 0
Admin = 5000
SecKey = 1337
Kills = 0
Deaths = 0
Sex = 1
FacingAngle = 350.168518
Health = 95.000000
Armour = 0.000000
LastX = -295.576477
LastY = 1039.163085
LastZ = 19.593750
Age = 21
